0906289879
0932863808
0383801874
0908289758
0907449682
0908952363
0938910627
0909870922
0909870922
0941286979
0902363105
0386193995
0946220732
0901347719
0368126168
0903819010
0901347982
0823551554
0909728575
0936069310
0396937424
0394447209
0823551554
0933965368
0933002006
0981786028
0981786028
0988834545
0918211128
0942942333
0917372478
0914492642
0902900071
0918786168
0972241626
0931771003
0909849515
0903019345
0986968842
0908572727
0933525788
0705069010
0933797470
0901314361
0901076933
0919733434
0986075168
0909796191
0832409786
0973162907
0933561489
0979465714
0936063266
0937619456
0523656916
0792350398
0975623286
0932705158
0911362332
0909294149
0937588316
0906383632
0923810948
0948207207
0906383632
0938721772
0949984141
0909902204
0908608003
0947612039
0908608003
0931888328
0932716197
0906729193
0909461418
0908859369
0834311268
0902555194
0901766576
0906680330
0986075168
0968388239
0903081826
0946589389
0938610443
0908273136
0919733434
0937213638
0908882029
0902529695
0909984371
0834311268
0908206055
0966199981
0906822627
0904220057
0933797470
0909796191
0938352401
0983607444
0933456193
0941005151
0906701086
0375446811
0908360983
0937405566
0365839155
0945672200
0973630473
0934144039
0932609922
0933456193
0375446811
0963474053
0943786786
0906798786
0979555035
0963740771
0978030405
0355774213
0963228905
0946180492
0913387988
0942505247
0932078588
0935790763
0933456193
0903049288
0961939845
0903049288
0867677978
0903327001
0903845369
0968950815
0933002006
0981786028
0906388348
0931988083
0935605866
0888448181
0909946678
0933792323
0935926999
0909255787
0922199801
0948234466
0933792323
0936757643
0908931862
0973269760
0908119120
0901441638
0898405489
0909946678
0898405489
0908360983
0949973986
0901314361
0789747466
0935797394
0867741243
0375446811
0917385258
0935926999
0914224749
0938427279
0917385258
0938024159
0906678779
0941401688
0915849339
0931451929
0339546923
0901338328
0903093732
0909743681
0909800965
0915261263
0927263596
0933797470
0908785486
0909180003
0933797470
0366388988
0915261263
0789643854
0919879852
0978777404
0939206696
0933999850
0941413981
0977776657
0908366696
0977776657
0907956597
0938943568
0358182672
0911785119
0949973986
0792350398
0917385258
0904063903
0933588789
0901984684
0903103947
0988156467
0366133131
0917385258
0972666955
0908882029
0366133131
0917385258
0903682609
0705603879
0903081826
0903142456
0918363249
0947582000
0932513190
0908441050
0362497713
0982762127
0938601299
0388999168
0934066168
0907400853
0908693495
0903777465
0918565798
0909639533
0971104241
0946468611
0907949618
0901441638
0908360983
0919017978
0986006531
0963228905
0963228905
0903134194
0913773636
0948161911
0943549090
0932167296
0908273136
0906701086
0906701086
0903327001
0869215680
0932407281
0937153188
0777119444
0908491768
0903961118
0935252738
0908110231
0948234466
0913333029
0908510030
0906701086
0971596701
0909954543
0979712356
0932923695
0935412595
0963004320
0909441214
0918071687
0932669955
0905746339
0939246325
0948234466
0908646241
0934036412
0918882448
0383059923
0902500215
0903370078
0911241081
0967320443
0981809680
0919670091
0918330990
0977117909
0986984188
0908902008
0937634849
0908736067
0909906903
0388997878
0925748690
0903961118
0948757172
0936110981
0971510327
0903080911
0981477668
0931145783
0948757172
0889131007
0945848556
0979591958
0906378770
0901441638
0979591958
0906378770
0938794354
0349816901
0973199992
0869215680
0901189964
0938288485
0765779077
0932050512
0913732488
0968933729
0968775315
0968775315
0901678969
0909743681
0935606358
0909000501
0859297257
0339546923
0924136342
0903176141
0924136342
0908044845
0938060868
0938794354
0943302782
0937153188
0901984684
0909098607
0973392129
0339546923
0966205090
0916796683
0975331580
0938721772
0973392129
0358182672
0908645117
0975331580
0966273715
0969001838
0931400992
0934119178
0903303037
0908044845
0927714124
0813963605
0375643820
0989643579
0906811095
0938567994
0975331580
0903666135
0902923946
0988156467
0932050512
0946962753
0767867899
0767867899
0903666135
0968029291
0988628145
0908891478
0916213726
0938794354
0909924516
0939575224
0339546923
0907320019
0969232331
0916986059
0902459955
0902359163
0915890157
0933863386
0933863386
0938274090
0916796683
0903103947
0903622866
0905001851
0908491768
0931173562
0908882029
0903638138
0908882029
0856840738
0932192276
0934081118
0934081118
0908386528
0903666135
0985348339
0928416760
0903666135
0916213726
0901452961
0948702348
0903622866
0903630393
0968656544
0902406681
0903630393
0901410548
0909138718
0367455573
0938678233
0911825452
0947246273
0909278079
0788810789
0932394940
0921990402
0904987678
0918488958
0938286679
0983822427
0899935815
0769014473
0901767286
0397320200
0916796683
0909440066
0931327496
0933337780
0902566632
0967874243
0937517636
0984179589
0906811095
0938288485
0903384223
0908630858
0906933465
0928292932
0938691939
0932424237
0919621086
0914600539
0937967461
0932424237
0936412520
0763412547
0985726052
0908526931
0987110429
0938770969
0354866615
0966273715
0937967461
0904151615
0949726363
0949726363
0906353461
0908510030
0908113440
0767857428
0916564452
0919804849
0908404575
0908785486
0908510030
0971510327
0934883536
0902011888
0988326312
0933623403
0949984141
0977422693
0856840738
0927038391
0937509779
0904488205
0902497948
0932131352
0979161812
0932629112
0907449682
0779118506
0908386528
0903265178
0972666955
0945576497
0908386528
0909906489
0902487479
0908128588
0908386528
0934883536
0903384223
0944035092
0908386528
0934368865
0937784869
0931531484
0913197486
0909525127
0918870084
0986014945
0906335999
0909798183
0523121584
0909525127
0938395960
0943248338
0908434311
0969767531
0336472118
0909003214
0931580429
0961150699
0938305333
0903160001
0903884003
0902098167
0901767286
0974233334
0909296597
0938871341
0944278355
0938574588
0903192113
0986751798
0939780780
0989025370
0909906489
0916564452
0908404575
0919804849
0906811095
0938060868
0901189964
0908113440
0979161812
0976555876
0902363105
0949391519
0909664633
0909664633
0903384223
0906873743
0938275777
0934883536
0949391519
0906388348
0981786028
0902774294
0333698504
0937784869
0909580240
0907821139
0918770546
0942532104
0936557513
0903769783
0936876369
0938272829
0363860168
0934234738
0982116147
0767623672
0935246457
0909613040
0938574588
0938661694
0906436636
0979780550
0917915511
0903093732
0933999850
0932192276
0932192276
0932192276
0936876369
0985656256
0937588316
0969116198
0909611085
0948522889
0908462745
0967589307
0393272179
0914686884
0931475505
0948485544
0388766066
0909854882
0909661789
0902684219
0902807625
0898311189
0944994004
0979854809
0934234738
0909686972
0915545158
0909698685
0903376961
0902673965
0903469301
0938351867
0933573742
0931446800
0921879690
0901429866
0901020994
0913637336
0909040020
0903674096
0974233334
0909040020
0909040020
0948522889
0915380380
0902807625
0898543716
0902361706
0902595057
0918003323
0903693518
0983905983
0903196067
0983905983
0943248338
0938875052
0986751798
0782501225
0907950044
0777872087
0931312328
0945672200
0906325186
0939141012
0384105079
0938822328
0902609609
0932137575
0908660869
0977618418
0906929978
0903917624
0916735059
0939828279
0931312328
0799616936
0902609609
0931580429
0909003214
0901318040
0909296597
0938557603
0909296597
0902775441
0937342222
0902775441
0762726373
0938871341
0949000001
0901102997
0902775441
0938715547
0563445774
0938305333
0918008516
0901366226
0902775441
0903496525
0903884003
0961399541
0938250479
0909100378
0949391519
0949391519
0961850848
0938053439
0938053439
0938053439
0932021080
0977293013
0902602903
0908274969
0968212980
0975623286
0917928167
0926145146
0913773636
0917193848
0918919212
0975623286
0966701499
0902606281
0933999850
0903769783
0902684219
0937168688
0902914916
0973096787
0984861912
0931007017
0909736228
0909877550
0902684219
0902684219
0969116198
0933560450
0903868616
0903622700
0909442758
0937213735
0902568641
0931988083
0903622700
0933999850
0909360791
0909360791
0994073017
0937818636
0969116198
0902606281
0933999850
0917915511
0933999850
0583979179
0902606281
0944800810
0909652907
0983942842
0905322228
0938605620
0902606281
0909442758
0583979179
0916010072
0583979179
0932021080
0378626049
0913130610
0917116667
0946205907
0933862986
0987199901
0967589307
0982235993
0983532435
0907733007
0908728269
0916819505
0909812998
0903918028
0945891919
0985678094
0938334188
0906160889
0902609609
0937213735
0392594359
0988171729
0918629742
0908922038
0763548779
0963332667
0339173466
0909611085
0975485104
0903365165
0896680880
0903356898
0938122162
0937102802
0869210909
0989070144
0969116198
0902609609
0901538579
0985656391
0939828279
0972699168
0903397205
0909442758
0913773636
0939141012
0916735059
0345579679
0902914916
0975623286
0934281633
0898405489
0972229444
0903324167
0328208427
0908250851
0941286979
0915545158
0916010072
0913697733
0911606830
0904211789
0933120786
0902665587
0913714191
0906885094
0362866161
0589566177
0869924327
0923107879
0899907998
0905057709
0915997179
0939046089
0888621618
0839268957
0938012931
0906880661
0772862732
0976414040
0979772669
0932773073
0355161619
0935251388
0902222725
0774224400
0989679515
0906667353
0943337961
0903606343
0936375782
0937592948
0933277827
0334502076
0916109069
0911472437
0911134393
0909333778
0979947387
0994073017
0963231851
0932672024
0938254589
0975623286
0903872428
0392909592
0909877550
0916737768
0704626297
0975085706
0963231851
0906616863
0908515396
0932220107
0937405566
0917087091
0913731700
0906785986
0923123363
0933560450
0933658116
0389556138
0931988083
0909764539
0937389809
0784787079
0939828279
0945672200
0986992989
0938796296
0933340640
0922013761
0908721675
0921990402
0945672200
0901886231
0933483333
0909156800
0908721675
0913773636
0911472437
0913773636
0908389566
0898897282
0923831923
0907733007
0943123132
0914707877
0906858086
0903093732
0909746266
0984328018
0921010919
0369902652
0817979339
0983532435
0899456607
0901782584
0969116198
0944393113
0901782584
0898405489
0522082844
0902099319
0901253892
0901311905
0912187807
0903769783
0989539179
0911134393
0932394940
0907374785
0933403115
0901020994
0903872827
0942188066
0938673049
0901782584
0937168688
0902999892
0899935815
0904179874
0937168688
0388615429
0907620110
0939828279
0919262978
0973456347
0788884568
0938611557
0902566632
0943777998
0938280767
0971481938
0948075232
0921154019
0909736099
0907526326
0378200658
0903918207
0914913629
0901020994
0898485121
0907429999
0933560450
0909024862
0933859595
0908269873
0931281018
0909764539
0902359163
0914913629
0909220175
0919168689
0914913629
0907622377
0903625566
0812280603
0908389566
0334833946
0909316429
0902359163
0985673038
0902359163
0984543844
0933483333
0932627754
0939397928
0909116692
0799871386
0868614475
0909446626
0935018044
0922013761
0982869864
0909783977
0901886232
0911472437
0902345014
0911472437
0962687074
0903961591
0917294242
0123456
0909886968
0903093732
0988280980
0986702525
0909567388
0903106266
0981245672
0922013761
0908138924
0898311189
0938254589
0919733668
0902315538
0919262978
0828185452
0787819575
0906045949
0903132079
0908203153
0911134393
0912187807
0909819299
0901020994
0933046553
0768105195
0909005182
0916737768
0901020994
0909684321
0948369413
0915111507
0986868381
0967666002
0948075232
0377022000
0936544432
0989309319
0904349519
0902099319
0838803579
0898485121
0901839720
0919190894
0934024996
0909075007
0915111507
0921154019
0922121112
0908129228
0776911798
0907859727
0909174095
0909294149
0966660183
0907365451
0972959421
0981212655
0909819299
0914396203
0977660081
0909760523
0986870093
0905552296
0888016813
0931504079
0948075232
0909877550
0909449192
0903876507
0933859595
0914396203
0915111507
0917399973
0902775441
0985351764
0914396203
0915111507
0345443726
0869214045
0962687074
0971717966
0983964977
0933600295
0933483333
0935943388
0396066067
0898665668
0935412910
0906906148
0943559785
0907501179
0945858543
0909903729
0767688252
0904938726
0945698679
0915111507
0909819299
0929090907
0902817786
0763802373
0913926461
0909819299
0914038933
0914396203
0945884949
0909143314
0935451518
0913926461
0909819299
0933483333
0909969854
0909111124
0908758742
0389385133
0982335958
0903093732
0982335958
0909638292
0392900726
0911362332
0909116679
0899456607
0909812998
0903974301
0899160909
0972111164
0902359163
0903160248
0903631681
0936970977
0918888153
0909728003
0988273424
0919963804
0906782079
0904853887
0769037037
0913396034
0948710606
0931647353
0902520268
0812670125
0938286811
0903258579
0903986135
0903654479
0913145745
0982762127
0779434374
0921215021
0918558556
0962802735
0834738838
0907224566
0978075921
0789792919
0903302708
0909906903
0938963186
0906728664
0933518518
0938655186
0907221224
0934903224
0902561029
0937503493
0343475969
0913926461
0918077148
0913710975
0922121112
0849927978
0919262978
0909621873
0908004012
0911134393
0911134393
0903132079
0909124684
0909153987
0907622377
0938871172
0913396034
0901668876
0327272223
0944625044
0919096133
0988652259
0909501553
0392900726
0899935815
0704632621
0911424298
0775854644
0909180003
0909966097
0907429999
0347258058
0968407599
0387646486
0905552296
0939046663
0944625044
0909294149
0916737768
0909877550
0392900726
0901753753
0907359398
0907429999
0813586298
0913637336
0783520550
0988203740
0983821411
0763024483
0903666483
0977979886
0902566632
0932106656
0902359163
0366910910
0949579324
0912287626
0824392684
0909186227
0909796191
0933533880
0963344486
0937725068
0903370799
0908376246
0941821838
0377022000
0909922698
0909880221
0916109069
0934018197
0819880939
0908636321
0909091097
0913783992
0911985454
0932106656
0776911798
0909446097
0917399973
0902359163
0909900613
0935926999
0773570333
0909500509
0909865988
0909506070
0933390104
0907123056
0903080911
0909551505
0906818087
0343475969
0939262696
0376853048
0909877550
0909757974
0909503389
0903160684
0917915511
0909119126
0909683730
0902983754
0909606142
0909436097
0909428119
0979046437
0909812998
0909891145
0909380731
0909053599
0932128229
0909979172
0909965336
0909790505
0909621873
0909680836
0909219087
0913223172
0909224539
0909474833
0909020441
0909901587
0909345600
0909801160
0909020441
0909099867
0909649906
0938009099
0909944162
0909305083
0908801976
0909928825
0909068696
0909719798
0909258838
0909339759
0909354457
0909757723
0909999414
0909449192
0909233463
0909908551
0909812998
0909723589
0909210096
0909843484
0903080911
0909670169
0909153987
0909461979
0909078945
0906386861
0792995285
0909822682
0909153987
0909667232
0773990855
0909294149
0972111164
0917915511
0938815159
0972111164
0908758742
0917915511
0906744885
0798056702
0932145681
0972960107
0898166699
0903080911
0903132079
0989105768
0974421901
0902920121
0948059889
0773842298
0948810405
0903317040
0938114068
0908241013
0903080694
0903655779
0907758575
0938661694
0392657310
0903080911
0903776867
0903808078
0903129638
0903080194
0936040356
0903132079
0919262978
0899456607
0948810405
0938871172
0922017812
0938804637
0898311189
0903698903
0326870197
0903129638
0902614123
0392909592
0982638087
0977970303
0988652259
0903379982
0901042879
0981344346
0938804637
0979043780
0899331310
0901535565
0903317040
0979968692
0971993125
0973334420
0918277488
0966880340
0971993125
0918861518
0919301375
0966419332
0908206376
0776911798
0903317040
0797766683
0979968692
0919033333
0988338627
0941024178
0973501334
0919301375
0907099122
0911362332
0945698679
0937899466
0911362332
0869214045
0908470994
0938027355
0913777970
0913777970
0913846245
0763391915
0905677777
0797039348
0917579579
0966880340
0911775888
0369366065
0929610210
0962618191
0363168755
0392909592
0911775888
0911775888
0907758575
0933390104
0936253976
0911775888
0916737768
0968407599
0968407599
0789539109
0904420239
0993333233
0911775888
0931823987
0898884656
0989633057
0911775888
0902224814
0945884949
0901535565
0931302216
0916666024
0937358050
0902430168
0903625566
0941976865
0933271191
0903866544
0918584422
0908411480
0776911798
0976796159
0934046828
0966880340
0902614123
0912179686
0937887234
0903601808
0941591680
0798393555
0914174900
0917399973
0914866776
0932050998
0901389200
0902788748
0961712096
0902614123
0797039348
0968271270
0914913629
0931837838
0931316898
0945891919
0932131352
0937282867
0901535565
0982286266
0764840163
0862380109
0933923973
0901511253
0937762575
0945336850
0966559879
0948120120
0968098978
0931490249
0941024178
0902786080
0931475505
0907712716
0901047178
0562908406
0921776908
0935451518
0834005577
0948181849
0981369432
0976582604
0902345014
0898884656
0978922070
0932144939
0764963227
0933185667
0898311189
0983607444
0902990152
0941591680
0903872827
0902430168
0888325488
0327179654
0987190799
0798393555
0934046828
0906436636
0933474198
0987190799
0394013458
0903112121
0913922034
0983108081
0944510863
0903999716
0917399973
0906454607
0988885806
0989844670
0824392684
0937512823
0918290277
0934116975
0918393150
0775043014
0934079809
0913560488
0585867128
0938352401
0933968112
0902264161
0907410259
0934046828
0966880340
0984040600
0903042353
0901535565
0901440933
0908749078
0392909592
0392909592
0981369432
0974421901
0938352401
0938524046
0984797066
0902355859
0983581293
0832633044
0934046828
0907720483
0966880340
0823987449
0925268986
0919841664
0832633044
0899331310
0907669835
0935749722
0903821919
0905198766
0898897282
0833491971
0976796159
0916737768
0941397788
0906765788
0903001591
0908715756
0914038933
0904875632
0919605360
0938524046
0937031058
0976727877
0707010892
0394303459
0918861518
0932644557
0938290574
0914038933
0705714584
0921010919
0936797303
0937282867
0903118814
0903050166
0327179654
0983902339
0334823656
0938030010
0912287626
0901430450
0332338077
0354866615
0969767531
0902497948
0936797303
0919263826
0902854679
0904389047
0936797303
0919263826
0907410259
0975887098
0833868788
0933474198
0908004847
0908376246
0938352401
0983108081
0938030010
0938524046
0938816028
0938030010
0938524046
0933719939
0898311189
0984183793
0931014248
0903466690
0968769879
0908283343
0902331305
0965265840
0976727877
0908922507
0986786989
0334823656
0936440579
0334823656
0899048170
0917087091
0987190799
0327179654
0849605104
0337122710
0987190799
0933474198
0859297257
0937389809
0914038933
0982521469
0982521469
0348918515
0918861518
0984059914
0786442801
0918861518
0938088715
0777957979
0362845459
0933474198
0976551259
0908004847
0936778759
0939340812
0989226095
0983350676
0985830896
0989226095
0903175345
0982521469
0327179654
0937034772
0933474198
0937034772
0904389047
0327179654
0907639679
0977260177
0937737090
0902264161
0902264161
0354866615
0914991013
0906543791
0899048170
0932622880
0937283625
0327179654
0966226400
0939194645
0984797066
0941835726
0376353339
0859297257
0919605360
0945575768
0765369658
0965568562
0919605360
0984789481
0856292739
0378284304
0938990002
0786442801
0966220219
0941294538
0903091632
0339540122
0989002885
0928828838
0339540122
0938612347
0933533880
0902219221
0336472118
0963699094
0336472118
0902561029
0945575768
0888419939
0376353339
0908230420
0938887516
0908411480
0899150839
0903466690
0901903848
0785860707
0935603403
0899048170
0899048170
0908928997
0965265840
0908283343
0903192113
0908252303
0937220858
0984797066
0938018158
0376353339
0938180600
0901047178
0937784869
0898311189
0869652900
0978486533
0981045753
0931343160
0911214684
0867777638
0901396145
0916737768
0912347122
0904389047
0981045753
0905750027
0944510863
0342013117
0862380109
0932052220
0901472301
0353483270
0907949269
0969976011
0935671237
0379119167
0917855855
0936769108
0938029704
0907195170
0984183683
0396886648
0933623629
0906990844
0938778287
0705069010
0967153048
0763354214
0979853979
0908039137
0983821411
0939544196
0983514207
0919335387
0339414417
0983514207
0936453625
0985161228
0938277939
0936453625
0938277939
0938277939
0985161228
0948708599
0938960079
0764004886
0764004886
0932052220
0906353461
0984059914
0987972731
0945891919
0567960089
0903091632
0937967461
0989633057
0834808999
0919486969
0933839164
0933719939
0585859464
0779860775
0969333983
0332338077
0907533689
0899455299
0906379807
0932627754
0944505307
0908272996
0906289879
0345615873
0785991079
0764004886
0369059200
0938316263
0704632621
0944505307
0789693392
0393272179
0901454669
0899455299
0915155578
0704632621
0523121584
0708552901
0932746247
0705110815
0888717373
0906018068
0944505307
0339535837
0932627754
0523121584
0931538833
0985853429
0979770538
0944505307
0792111519
0901220288
0906915051
0968797596
0764004886
0908894568
0908376246
0948708599
0987799986
0921257122
0397779191
0913803184
0934512144
0982515799
0918274497
0778886675
0973322026
0916737768
0983108081
0862046837
0901472301
0916737768
0903757798
0389385133
0707298298
0901047178
0919106139
0904463558
0903865785
0939640640
0903340305
0907188881
0933679083
0903091632
0938778287
0906622262
0898311189
0903786002
0918330990
0917193848
0376353339
0989170776
0376353339
0917300767
0903843940
0965568562
0939516189
0965568562
0912347122
0933719939
0937358050
0968271270
0916737768
0908715756
0969198802
0795578587
0764004886
0913184657
0833123397
0903349810
0978617174
0932746247
0987300081
0935603403
0764004886
0945826083
0913184657
0869111686
0902676929
0704632621
0906995700
0964116568
0945826083
0902325
0946497307
0971418614
0932044
0961712096
0332961294
085725523
0384626347
0932175761
0963644480
0984890565
0916679122
0903651397
0932027699
0773096010
0983663787
0901886682
0987507714
0918296990
0908843222
0916367638
0919507879
0348016438
0902786080
0907755822
0983382376
0901903848
0838424412
0938202781
0931475505
0918998942
0906801261
0866720486
0399088994
0907712716
0908200421
0355719670
0933049490
0913489187
0902345014
0898884656
0819222727
0934974924
0903860317
0378146340
0903378732
0913609335
0988628145
0911080603
0562908406
0932730035
0946249662
0902613881
0906820936
0914593894
0908129228
0903702798
0936253976
0917329773
0902172770
0964545045
0908254435
0907708272
0399023590
0366866996
0986428255
0906032631
0968117047
0902817194
0349660539
0907365451
0327179654
0918296990
0819222727
0788946508
0985505632
0987835880
0969508583
0908808190
0898166699
0369366065
0976659444
0988885806
0901663088
0901636569
0845995679